8,218
8,217
8,216
8,215
8,214
8,213
8,212
8,211
8,210
8,209
8,208
8,207
8,206
8,205
8,204
8,203
8,202
8,201
8,200
8,199
8,198
8,197
8,196
8,195
8,194
8,193
8,192
8,191
8,190
8,189
8,188
8,187
8,186
8,185
8,184
8,183
8,182
8,181
8,180
8,179
8,178
8,177
8,176
8,175
8,174
8,173
8,172
8,171
8,170
8,169
8,168
8,167
8,166
8,165
8,164
8,163
8,162
8,161
8,160
8,159
8,158
8,157
8,156
8,155
8,154
8,153
8,152
8,151
8,150
8,149
8,148
8,147
8,146
8,145
8,144
8,143
8,142
8,141
8,140
8,139
8,138
8,137
8,136
8,135
8,134
8,133
8,132
8,131
8,130
8,129
8,128
8,127
8,126
8,125
8,124
8,123
8,122
8,121
8,120
8,119
8,118
8,117
8,116
8,115
8,114
8,113
8,112
8,111
8,110
8,109
8,108
8,107
8,106
8,105
8,104
8,103
8,102
8,101
8,100
8,99
8,98
8,97
8,96
8,95
8,94
8,93
8,92
8,91
8,90
8,89
8,88
8,87
8,86
8,85
8,84
8,83
8,82
8,81
8,80
8,79
8,78
8,77
8,76
8,75
8,74
8,73
8,72
8,71
8,70
8,69
8,68
8,67
8,66
8,65
8,64
8,63
8,62
8,61
8,60
8,59
8,58
8,57
8,56
8,55
8,54
8,53
8,52
8,51
8,50
8,49
8,48
8,47
8,46
8,45
8,44
8,43
8,42
8,41
8,40
8,39
8,38
8,37
8,36
8,35
8,34
8,33
8,32
8,31
8,30
8,29
8,28
8,27
8,26
8,25
8,24
8,23
8,22
8,21
8,20
8,19
8,18
8,17
8,16
8,15
8,14
8,13
8,12
8,11
8,10
8,9
8,8
8,7
8,6
8,5
8,4
8,3
8,2
8,1
8,0
7,3
6,6
6,5
6,4
6,3
6,2
5,5
5,4
5,3
5,2
5,0
4,3
4,2
3,2
2,2
1,2
0,9
8,219
8,220
8,222
8,223
8,225
8,226
8,228
8,230
8,231
8,233
8,234
8,236
8,238
8,239
8,241
8,242
8,244
8,245
8,247
8,249
8,250
8,252
8,253
8,255
8,257
8,258
8,260
8,261
8,263
8,264
8,266
8,268
8,269
8,271
8,272
8,274
8,276
8,277
8,279
8,280
8,282
8,283
8,285
8,287
8,288
8,320
8,384
8,386
8,388
8,389
8,391
8,392
8,394
8,396
8,397
8,399
8,400
8,402
8,403
8,405
8,407
8,408
8,410
8,411
8,413
8,415
8,416
8,418
8,419
8,421
8,422
8,424
8,426
8,427
8,429
8,430
8,432
8,434
8,435
8,437
8,438
8,440
8,441
8,443
8,445
8,446
8,448
8,449
8,451
8,453
8,454
8,456
8,457
8,459
8,461
8,462
8,464
8,465
8,467
8,468
8,470
8,472
8,473
8,475
8,476
8,478
8,480
8,481
8,483
8,484
8,486
8,487
8,513
8,515
8,516
8,518
8,519
8,521
8,523
8,524
8,526
8,527
8,529
8,530
8,532
8,534
8,535
8,537
8,538
8,540
8,542
8,543
8,545
8,546
8,548
8,549
8,551
8,553
8,554
8,556
8,557
8,559
8,561
8,562
8,564
8,565
8,567
8,569
8,570
8,572
8,573
8,575
8,576
8,578
8,580
8,581
8,583
8,584
8,586
8,588
8,589
8,591
8,592
8,594
8,595
8,597
8,599
8,600
8,602
8,603
8,605
8,607
8,608
8,610
8,611
8,613
8,614
8,616
8,618
8,619
8,621
8,622
8,624
8,626
8,627
8,629
8,630
8,632
8,634
8,635
8,637
8,638
8,640
8,641
8,643
8,705
8,706
8,708
8,709
8,711
8,713
8,714
8,716
8,717
8,719
8,720
8,722
8,724
8,725
8,727
8,728
8,730
8,732
8,733
8,735
8,736
8,738
8,739
8,741
8,743
8,744
8,746
8,747
8,749
8,751
8,752
8,755
8,756
8,758
8,759
8,761
8,763
8,764
8,766
8,767
9,0
9,2
9,3
9,5
9,6
9,8
9,10
9,11
9,13
9,14
10,1
10,2
10,4
11,1
11,2
11,4
11,5
11,7
11,9
11,10
11,12
11,13
11,15
11,16
11,18
11,20
11,21
11,23
11,24
11,26
11,28
11,29
11,31
11,32
11,34
11,35
11,37
11,40
11,41
11,64
11,65
11,67
11,69
11,70
11,72
11,73
11,75
11,77
11,78
11,80
11,81
11,83
11,84
11,86
11,88
11,89
11,91
11,92
11,94
11,96
11,97
12,0
12,1
12,3
12,4
12,6
12,8
12,9
12,11
12,12
12,14
13,0
13,1
13,3
13,4
14,0
14,1
14,3
14,5
14,6
14,9
15,0
15,2
15,4
15,5
15,7
15,8
15,10
15,12
15,13
15,15
15,16
15,18
15,19
15,21
15,23
15,24
15,26
15,27
15,29
15,31
15,32
15,34
15,35
15,37
15,38
15,41
15,43
15,44
15,46
15,47
15,49
15,51
15,52
15,54
15,55
15,57
15,58
15,64
15,66
15,67
15,69
15,70
15,72
15,74
15,75
15,77
15,78
15,80
15,81
15,83
15,85
15,86
15,88
15,89
15,91
15,93
15,94
16,1
16,2
16,4
16,6
16,7
16,9
16,10
16,12
16,13
16,15
16,17
16,18
16,20
16,21
16,24
16,26
16,27
17,1
17,2
17,4
17,5
17,8
17,10
17,11
17,13
17,14
17,16
17,18
17,19
17,21
17,22
17,24
17,25
17,27
17,29
17,30
17,32
17,33
17,35
17,64
17,65
17,67
17,68
17,70
17,72
17,73
17,75
17,76
17,78
17,79
17,81
17,83
17,84
17,86
17,87
17,89
17,91
17,92
17,94
17,95
17,97
17,98
17,100
17,102
17,103
17,105
17,106
17,108
17,110
17,111
17,113
17,114
17,116
17,117
17,119
17,121
17,122
18,0
18,1
18,3
18,5
18,6
18,9
18,10
19,1
19,2
19,4
19,6
19,8
19,10
19,11
19,13
20,0
20,1
20,3
20,4
21,0
21,2
21,3
21,5
21,6
21,4
21,1
20,5
20,2
19,14
19,12
19,9
19,5
19,3
19,0
18,7
18,4
18,2
17,128
17,120
17,118
17,115
17,112
17,109
17,107
17,104
17,101
17,99
17,96
17,93
17,90
17,88
17,85
17,82
17,80
17,77
17,74
17,71
17,69
17,66
17,36
17,34
17,31
17,28
17,26
17,23
17,20
17,17
17,15
17,12
17,9
17,7
17,3
17,0
16,25
16,23
16,19
16,16
16,14
16,11
16,8
16,5
16,3
16,0
15,92
15,90
15,87
15,84
15,82
15,79
15,76
15,73
15,71
15,68
15,65
15,59
15,56
15,53
15,50
15,48
15,45
15,42
15,40
15,36
15,33
15,30
15,28
15,25
15,22
15,20
15,17
15,14
15,11
15,9
15,6
15,3
15,1
14,8
14,4
14,2
13,5
13,2
12,16
12,13
12,10
12,7
12,5
12,2
11,98
11,95
11,93
11,90
11,87
11,85
11,82
11,79
11,76
11,74
11,71
11,68
11,66
11,42
11,38
11,36
11,33
11,30
11,27
11,25
11,22
11,19
11,17
11,14
11,11
11,8
11,6
11,3
11,0
10,3
10,0
9,12
9,9
9,7
9,4
9,1
8,768
8,765
8,762
8,760
8,757
8,754
8,750
8,748
8,745
8,742
8,740
8,737
8,734
8,731
8,729
8,726
8,723
8,721
8,718
8,715
8,712
8,710
8,707
8,704
8,642
8,639
8,636
8,633
8,631
8,628
8,625
8,623
8,620
8,617
8,615
8,612
8,609
8,606
8,604
8,601
8,598
8,596
8,593
8,590
8,587
8,585
8,582
8,579
8,577
8,574
8,571
8,568
8,566
8,563
8,560
8,558
8,555
8,552
8,550
8,547
8,544
8,541
8,539
8,536
8,533
8,531
8,528
8,525
8,522
8,520
8,517
8,514
8,512
8,485
8,482
8,479
8,477
8,474
8,471
8,469
8,466
8,463
8,460
8,458
8,455
8,452
8,450
8,447
8,444
8,442
8,439
8,436
8,433
8,431
8,428
8,425
8,423
8,420
8,417
8,414
8,412
8,409
8,406
8,404
8,401
8,398
8,395
8,393
8,390
8,387
8,385
8,289
8,286
8,284
8,281
8,278
8,275
8,273
8,270
8,267
8,265
8,262
8,259
8,256
8,254
8,251
8,248
8,246
8,243
8,240
8,237
8,235
8,232
8,229
8,227
8,224
8,221
1,45
3,44
2,44
1,44
3,43
2,43
1,43
3,42
2,42
1,42
3,41
2,41
1,41
3,40
2,40
1,40
3,39
2,39
1,39
3,38
2,38
1,38
3,37
2,37
1,37
3,36
2,36
1,36
3,35
2,35
1,35
3,34
2,34
1,34
3,33
2,33
1,33
3,32
2,32
1,32
3,31
2,31
1,31
3,30
2,30
1,30
3,29
2,29
1,29
3,28
2,28
1,28
3,27
2,27
1,27
3,26
2,26
1,26
3,25
2,25
1,25
3,24
2,24
1,24
3,23
2,23
1,23
3,22
2,22
1,22
3,21
2,21
1,21
3,20
2,20
1,20
3,19
2,19
1,19
3,18
2,18
1,18
3,17
2,17
1,17
3,16
2,16
1,16
3,15
2,15
1,15
3,14
2,14
1,14
3,13
2,13
1,13
3,12
2,12
1,12
3,11
2,11
1,11
3,10
2,10
1,10
3,9
2,9
1,9
3,8
2,8
1,8
3,7
2,7
1,7
3,6
2,6
1,6
3,5
2,5
1,5
3,4
2,4
1,4
3,3
3,0
2,3
2,0
1,3
1,0
0,6
0,0
0,47
0,46
0,49
0,48
0,45
0,12
0,10
0,8
0,11
0,5
0,7
0,4
0,3
